origin = -20 0 100 rect = origin(x=-21 y=-1.77778 z=99) / bot = (x=2 y=0 z=0) / left resolution = x=1920 y=1080
t1= 94.0977 / t2= 93.2619
t3 = 93.2619 / -71.9849 58.0296 6.73807
